-58.645 -38.003 0.798 -8.914 -95.54
-58.397 -35.841 0.838 -9.373 -97.898
-58.149 -33.674 0.877 -9.824 -100.046
-57.897 -31.501 0.916 -10.292 -101.996
-57.643 -29.341 0.957 -10.794 -103.745
-57.522 -28.28 0.977 -11.05 -104.552
-57.408 -27.232 0.996 -11.301 -105.324
-57.355 -26.713 1.004 -11.422 -105.7
-57.305 -26.197 1.013 -11.54 -106.071
-57.258 -25.684 1.02 -11.653 -106.437
-57.214 -25.173 1.027 -11.761 -106.801
-57.174 -24.661 1.033 -11.864 -107.162
-57.137 -24.148 1.038 -11.962 -107.523
-57.103 -23.634 1.043 -12.054 -107.882
-57.072 -23.118 1.048 -12.142 -108.242
-57.044 -22.601 1.051 -12.225 -108.601
-57.019 -22.083 1.055 -12.304 -108.962
-56.996 -21.563 1.058 -12.378 -109.324
-56.976 -21.043 1.06 -12.449 -109.687
-56.958 -20.521 1.062 -12.516 -110.053
-56.943 -19.998 1.064 -12.579 -110.421
-56.93 -19.475 1.065 -12.639 -110.791
-56.92 -18.951 1.066 -12.695 -111.164
-56.911 -18.426 1.066 -12.748 -111.54
-56.904 -17.9 1.066 -12.799 -111.92
-56.9 -17.374 1.066 -12.846 -112.302
-56.898 -16.848 1.065 -12.89 -112.688
-56.899 -15.793 1.063 -12.97 -113.472
-56.907 -14.736 1.059 -13.04 -114.272
-56.922 -13.676 1.054 -13.1 -115.088
-56.943 -12.613 1.048 -13.151 -115.924
-56.97 -11.548 1.041 -13.194 -116.779
-57.002 -10.48 1.033 -13.229 -117.655
-57.038 -9.41 1.024 -13.256 -118.554
-57.078 -8.336 1.015 -13.276 -119.475
-57.121 -7.259 1.004 -13.291 -120.42
-57.166 -6.178 0.993 -13.299 -121.391
-57.261 -4.004 0.97 -13.298 -123.41
-57.354 -1.814 0.945 -13.278 -125.541
-57.398 -0.712 0.931 -13.261 -126.652
-57.438 0.396 0.918 -13.238 -127.795
-57.474 1.508 0.904 -13.211 -128.973
-57.504 2.626 0.89 -13.178 -130.189
-57.528 3.75 0.876 -13.14 -131.445
-57.537 4.315 0.869 -13.119 -132.089
-57.543 4.882 0.862 -13.096 -132.743
-57.547 5.45 0.855 -13.072 -133.408
-57.548 6.021 0.848 -13.047 -134.084
-57.546 6.592 0.841 -13.02 -134.772
-57.541 7.166 0.834 -12.991 -135.471
-57.532 7.742 0.827 -12.962 -136.182
-57.52 8.319 0.82 -12.93 -136.907
-57.504 8.899 0.813 -12.897 -137.644
-57.483 9.481 0.806 -12.863 -138.394
-57.458 10.066 0.799 -12.827 -139.158
-57.427 10.655 0.793 -12.789 -139.936
-57.392 11.246 0.787 -12.75 -140.727
-57.35 11.839 0.781 -12.708 -141.532
-57.302 12.436 0.775 -12.665 -142.351
-57.247 13.034 0.77 -12.62 -143.185
-57.185 13.635 0.764 -12.573 -144.033
-57.115 14.238 0.759 -12.524 -144.897
-57.038 14.844 0.754 -12.472 -145.776
-56.996 15.148 0.751 -12.446 -146.222
-56.951 15.453 0.749 -12.419 -146.671
-56.905 15.758 0.747 -12.391 -147.125
-56.855 16.065 0.744 -12.363 -147.582
-56.804 16.372 0.742 -12.335 -148.042
-56.75 16.68 0.741 -12.306 -148.506
-56.693 16.988 0.739 -12.276 -148.973
-56.633 17.297 0.737 -12.246 -149.443
-56.57 17.607 0.735 -12.216 -149.916
-56.505 17.917 0.734 -12.185 -150.393
-56.436 18.228 0.733 -12.154 -150.872
-56.365 18.54 0.731 -12.122 -151.353
-56.29 18.851 0.73 -12.09 -151.838
-56.212 19.164 0.729 -12.057 -152.325
-56.13 19.476 0.728 -12.024 -152.814
-56.045 19.789 0.727 -11.99 -153.306
-55.957 20.102 0.727 -11.956 -153.799
-55.864 20.416 0.726 -11.921 -154.295
-55.769 20.729 0.726 -11.886 -154.793
-55.669 21.043 0.725 -11.851 -155.292
-55.565 21.356 0.725 -11.815 -155.794
-55.458 21.669 0.725 -11.779 -156.297
-55.347 21.981 0.725 -11.742 -156.802
-55.231 22.294 0.725 -11.705 -157.308
-55.112 22.606 0.725 -11.668 -157.815
-54.988 22.917 0.725 -11.631 -158.323
-54.86 23.228 0.725 -11.593 -158.831
-54.728 23.538 0.726 -11.556 -159.339
-54.591 23.848 0.726 -11.518 -159.847
-54.45 24.156 0.727 -11.48 -160.355
-54.304 24.464 0.728 -11.442 -160.862
-54.153 24.771 0.729 -11.404 -161.368
-53.998 25.077 0.73 -11.366 -161.873
-53.838 25.381 0.731 -11.328 -162.377
-53.673 25.685 0.733 -11.291 -162.878
-53.503 25.987 0.734 -11.253 -163.377
-53.328 26.287 0.736 -11.216 -163.874
-53.148 26.586 0.738 -11.178 -164.367
-52.962 26.883 0.74 -11.141 -164.858
-52.772 27.179 0.742 -11.105 -165.344
-52.575 27.472 0.745 -11.068 -165.827
-52.375 27.763 0.747 -11.032 -166.304
-52.169 28.05 0.749 -10.996 -166.778
-51.959 28.334 0.752 -10.96 -167.247
-51.745 28.614 0.754 -10.925 -167.712
-51.526 28.892 0.756 -10.89 -168.172
-51.303 29.165 0.759 -10.856 -168.629
-51.076 29.435 0.761 -10.822 -169.081
-50.845 29.701 0.763 -10.789 -169.529
-50.609 29.964 0.766 -10.757 -169.972
-50.369 30.223 0.768 -10.725 -170.411
-50.126 30.478 0.77 -10.694 -170.845
-49.877 30.73 0.773 -10.664 -171.275
-49.625 30.977 0.775 -10.634 -171.7
-49.369 31.221 0.778 -10.605 -172.12
-49.109 31.461 0.781 -10.577 -172.535
-48.845 31.696 0.783 -10.551 -172.945
-48.577 31.928 0.786 -10.525 -173.35
-48.305 32.155 0.789 -10.5 -173.75
-48.03 32.378 0.792 -10.476 -174.144
-47.75 32.597 0.794 -10.453 -174.533
-47.467 32.811 0.797 -10.432 -174.917
-47.181 33.02 0.8 -10.411 -175.295
-46.893 33.224 0.803 -10.392 -175.667
-46.602 33.423 0.806 -10.374 -176.034
-46.309 33.616 0.809 -10.357 -176.396
-46.014 33.805 0.812 -10.34 -176.753
-45.717 33.988 0.815 -10.325 -177.105
-45.418 34.167 0.817 -10.311 -177.452
-45.117 34.341 0.82 -10.298 -177.795
-44.815 34.509 0.822 -10.285 -178.134
-44.511 34.673 0.825 -10.273 -178.469
-44.205 34.832 0.827 -10.262 -178.799
-43.898 34.987 0.83 -10.252 -179.126
-43.589 35.137 0.832 -10.242 -179.45
-43.279 35.282 0.834 -10.233 -179.77
-42.968 35.423 0.837 -10.224 -180.088
-42.656 35.559 0.839 -10.217 -180.403
-42.342 35.691 0.841 -10.209 -180.716
-42.028 35.818 0.843 -10.202 -181.027
-41.713 35.941 0.845 -10.196 -181.336
-41.397 36.059 0.847 -10.19 -181.643
-41.081 36.174 0.849 -10.185 -181.949
-40.763 36.284 0.851 -10.18 -182.254
-40.445 36.39 0.853 -10.175 -182.558
-40.126 36.491 0.855 -10.171 -182.861
-39.807 36.589 0.856 -10.167 -183.163
-39.487 36.683 0.858 -10.164 -183.464
-39.166 36.773 0.86 -10.16 -183.764
-38.844 36.858 0.862 -10.157 -184.063
-38.523 36.94 0.863 -10.155 -184.361
-38.2 37.018 0.865 -10.152 -184.659
-37.878 37.092 0.866 -10.15 -184.955
-37.555 37.162 0.868 -10.147 -185.251
-37.232 37.229 0.869 -10.145 -185.546
-36.908 37.291 0.871 -10.143 -185.84
-36.584 37.35 0.872 -10.141 -186.134
-36.26 37.406 0.873 -10.139 -186.425
-35.935 37.457 0.875 -10.138 -186.715
-35.611 37.505 0.876 -10.136 -187.005
-35.286 37.55 0.877 -10.134 -187.294
-34.962 37.59 0.878 -10.132 -187.583
-34.637 37.628 0.879 -10.13 -187.872
-34.312 37.662 0.88 -10.128 -188.161
-33.988 37.692 0.881 -10.125 -188.449
-33.663 37.719 0.882 -10.123 -188.737
-33.338 37.742 0.883 -10.121 -189.025
-33.013 37.762 0.884 -10.118 -189.313
-32.688 37.779 0.885 -10.116 -189.601
-32.364 37.792 0.885 -10.113 -189.889
-32.039 37.802 0.886 -10.11 -190.177
-31.714 37.809 0.887 -10.107 -190.464
-31.39 37.812 0.887 -10.103 -190.751
-31.066 37.812 0.888 -10.1 -191.039
-30.741 37.808 0.888 -10.096 -191.326
-30.418 37.801 0.889 -10.092 -191.613
-30.094 37.791 0.889 -10.087 -191.9
-29.771 37.778 0.889 -10.083 -192.187
-29.448 37.762 0.89 -10.078 -192.474
-29.125 37.742 0.89 -10.073 -192.761
-28.802 37.719 0.89 -10.067 -193.048
-28.48 37.693 0.89 -10.061 -193.335
-28.159 37.664 0.89 -10.055 -193.622
-27.838 37.631 0.89 -10.049 -193.909
-27.517 37.595 0.89 -10.042 -194.196
-27.196 37.557 0.89 -10.035 -194.483
-26.877 37.515 0.89 -10.027 -194.771
-26.557 37.469 0.89 -10.019 -195.058
-26.238 37.421 0.89 -10.011 -195.346
-25.919 37.37 0.889 -10.002 -195.633
-25.601 37.315 0.889 -9.993 -195.921
-25.284 37.257 0.889 -9.984 -196.209
-24.967 37.196 0.888 -9.974 -196.497
-24.651 37.132 0.888 -9.964 -196.785
-24.335 37.065 0.887 -9.954 -197.073
-24.02 36.994 0.887 -9.943 -197.361
-23.705 36.921 0.886 -9.932 -197.65
-23.392 36.844 0.885 -9.921 -197.938
-23.079 36.765 0.885 -9.909 -198.227
-22.766 36.682 0.884 -9.897 -198.515
-22.455 36.596 0.883 -9.885 -198.804
-22.144 36.507 0.882 -9.872 -199.092
-21.834 36.414 0.881 -9.86 -199.381
-21.526 36.319 0.88 -9.846 -199.67
-21.217 36.22 0.879 -9.833 -199.959
-20.91 36.119 0.878 -9.819 -200.247
-20.604 36.014 0.877 -9.805 -200.536
-20.299 35.906 0.876 -9.791 -200.824
-19.995 35.796 0.874 -9.776 -201.113
-19.693 35.682 0.873 -9.761 -201.402
-19.391 35.565 0.872 -9.746 -201.69
-19.09 35.445 0.87 -9.73 -201.978
-18.791 35.322 0.869 -9.714 -202.267
-18.493 35.196 0.868 -9.698 -202.555
-18.196 35.067 0.866 -9.682 -202.843
-17.901 34.935 0.864 -9.665 -203.132
-17.606 34.8 0.863 -9.647 -203.42
-17.313 34.662 0.861 -9.63 -203.708
-17.022 34.521 0.859 -9.612 -203.996
-16.731 34.377 0.858 -9.593 -204.284
-16.443 34.23 0.856 -9.575 -204.572
-16.155 34.08 0.854 -9.556 -204.86
-15.869 33.927 0.852 -9.536 -205.147
-15.585 33.772 0.85 -9.516 -205.435
-15.302 33.613 0.848 -9.496 -205.723
-15.021 33.451 0.846 -9.475 -206.01
-14.741 33.287 0.843 -9.454 -206.298
-14.463 33.119 0.841 -9.433 -206.586
-14.187 32.949 0.839 -9.411 -206.873
-13.913 32.776 0.836 -9.389 -207.16
-13.641 32.601 0.834 -9.366 -207.448
-13.371 32.423 0.832 -9.343 -207.735
-13.102 32.242 0.829 -9.319 -208.022
-12.836 32.059 0.826 -9.295 -208.308
-12.571 31.873 0.824 -9.27 -208.594
-12.309 31.684 0.821 -9.245 -208.88
-12.048 31.493 0.818 -9.22 -209.165
-11.79 31.3 0.816 -9.194 -209.451
-11.533 31.104 0.813 -9.167 -209.735
-11.278 30.905 0.81 -9.14 -210.02
-11.026 30.705 0.807 -9.112 -210.304
-10.776 30.501 0.804 -9.084 -210.588
-10.527 30.295 0.801 -9.055 -210.872
-10.281 30.087 0.797 -9.026 -211.155
-10.037 29.877 0.794 -8.996 -211.438
-9.795 29.664 0.791 -8.966 -211.721
-9.555 29.449 0.787 -8.935 -212.003
-9.318 29.232 0.784 -8.903 -212.285
-9.082 29.013 0.78 -8.871 -212.566
-8.85 28.791 0.777 -8.838 -212.847
-8.619 28.568 0.773 -8.804 -213.127
-8.391 28.343 0.77 -8.77 -213.407
-8.165 28.116 0.766 -8.735 -213.686
-7.942 27.887 0.762 -8.7 -213.965
-7.721 27.657 0.758 -8.664 -214.242
-7.503 27.424 0.754 -8.627 -214.519
-7.286 27.19 0.75 -8.589 -214.795
-7.072 26.954 0.746 -8.55 -215.07
-6.861 26.716 0.742 -8.511 -215.344
-6.652 26.477 0.738 -8.471 -215.617
-6.445 26.236 0.734 -8.43 -215.888
-6.24 25.993 0.729 -8.389 -216.159
-6.038 25.749 0.725 -8.346 -216.428
-5.838 25.504 0.72 -8.303 -216.696
-5.64 25.257 0.716 -8.259 -216.963
-5.445 25.008 0.711 -8.214 -217.228
-5.252 24.758 0.707 -8.167 -217.492
-5.061 24.507 0.702 -8.121 -217.755
-4.872 24.254 0.697 -8.073 -218.016
-4.686 24.001 0.692 -8.024 -218.276
-4.503 23.746 0.687 -7.974 -218.534
-4.321 23.49 0.682 -7.923 -218.79
-4.142 23.232 0.677 -7.871 -219.045
-3.966 22.974 0.672 -7.819 -219.298
-3.791 22.715 0.666 -7.765 -219.549
-3.619 22.455 0.661 -7.71 -219.798
-3.449 22.193 0.656 -7.654 -220.045
-3.281 21.931 0.65 -7.597 -220.291
-3.116 21.668 0.644 -7.54 -220.534
-2.953 21.404 0.639 -7.481 -220.775
-2.791 21.139 0.633 -7.421 -221.013
-2.632 20.874 0.627 -7.36 -221.249
-2.476 20.607 0.621 -7.298 -221.483
-2.321 20.34 0.615 -7.235 -221.714
-2.168 20.072 0.609 -7.171 -221.943
-2.018 19.803 0.603 -7.106 -222.169
-1.869 19.534 0.597 -7.039 -222.392
-1.722 19.264 0.591 -6.972 -222.612
-1.578 18.993 0.584 -6.903 -222.829
-1.435 18.722 0.578 -6.834 -223.043
-1.157 18.178 0.565 -6.691 -223.46
-0.886 17.633 0.551 -6.544 -223.864
-0.622 17.086 0.537 -6.393 -224.254
-0.366 16.538 0.523 -6.237 -224.631
-0.118 15.988 0.509 -6.077 -224.992
0.124 15.438 0.494 -5.913 -225.338
0.359 14.888 0.479 -5.745 -225.667
0.587 14.336 0.464 -5.573 -225.979
0.81 13.785 0.449 -5.397 -226.272
1.026 13.233 0.433 -5.217 -226.545
1.236 12.681 0.417 -5.033 -226.797
1.441 12.129 0.401 -4.845 -227.028
1.641 11.577 0.384 -4.654 -227.236
1.835 11.025 0.367 -4.459 -227.419
2.025 10.473 0.35 -4.261 -227.578
2.21 9.922 0.333 -4.06 -227.709
2.39 9.372 0.316 -3.857 -227.812
2.566 8.822 0.298 -3.651 -227.883
2.738 8.273 0.28 -3.442 -227.918
2.907 7.725 0.263 -3.232 -227.914
3.072 7.178 0.245 -3.019 -227.864
3.233 6.632 0.227 -2.805 -227.76
3.391 6.087 0.208 -2.588 -227.593
3.547 5.543 0.19 -2.37 -227.351
3.7 5 0.172 -2.151 -227.011
3.85 4.459 0.153 -1.931 -226.545
4.144 3.381 0.116 -1.486 -225.023
4.43 2.309 0.078 -1.04 -221.92
4.711 1.244 0.04 -0.6 -213.828
5.263 -0.865 -0.036 0.399 -262.322
5.537 -1.907 -0.074 0.828 -246.542
5.812 -2.941 -0.111 1.273 -241.562
6.089 -3.966 -0.149 1.719 -239.048
6.371 -4.981 -0.186 2.162 -237.437
6.513 -5.486 -0.204 2.381 -236.801
6.657 -5.987 -0.223 2.598 -236.236
6.803 -6.486 -0.241 2.814 -235.72
6.95 -6.983 -0.259 3.027 -235.241
7.1 -7.477 -0.277 3.239 -234.788
7.252 -7.968 -0.294 3.447 -234.355
7.406 -8.456 -0.312 3.654 -233.934
7.563 -8.941 -0.329 3.858 -233.52
7.723 -9.424 -0.346 4.059 -233.109
7.885 -9.903 -0.363 4.257 -232.7
8.05 -10.379 -0.38 4.452 -232.291
8.219 -10.852 -0.396 4.644 -231.88
8.39 -11.321 -0.413 4.833 -231.467
8.565 -11.787 -0.429 5.018 -231.05
8.744 -12.249 -0.445 5.2 -230.629
8.927 -12.708 -0.46 5.379 -230.201
9.113 -13.162 -0.476 5.554 -229.768
9.303 -13.613 -0.491 5.725 -229.328
9.498 -14.06 -0.505 5.892 -228.881
9.696 -14.503 -0.52 6.055 -228.427
9.9 -14.943 -0.534 6.215 -227.965
10.107 -15.378 -0.548 6.37 -227.496
10.32 -15.81 -0.562 6.521 -227.02
10.537 -16.237 -0.575 6.668 -226.537
10.759 -16.66 -0.588 6.811 -226.047
10.985 -17.078 -0.601 6.949 -225.55
11.217 -17.492 -0.613 7.083 -225.046
11.453 -17.901 -0.625 7.212 -224.535
11.695 -18.306 -0.637 7.337 -224.016
11.817 -18.506 -0.643 7.397 -223.754
11.941 -18.705 -0.648 7.457 -223.49
12.066 -18.903 -0.654 7.515 -223.225
12.193 -19.099 -0.659 7.572 -222.958
12.32 -19.294 -0.664 7.628 -222.689
12.449 -19.487 -0.67 7.683 -222.419
12.579 -19.68 -0.675 7.737 -222.148
12.711 -19.87 -0.68 7.791 -221.875
12.843 -20.06 -0.685 7.843 -221.601
12.977 -20.248 -0.69 7.894 -221.326
13.112 -20.434 -0.695 7.944 -221.05
13.249 -20.619 -0.7 7.993 -220.772
13.386 -20.802 -0.705 8.042 -220.494
13.525 -20.984 -0.709 8.089 -220.214
13.665 -21.164 -0.714 8.136 -219.934
13.807 -21.343 -0.718 8.182 -219.653
13.95 -21.52 -0.723 8.227 -219.371
14.094 -21.695 -0.727 8.271 -219.088
14.239 -21.869 -0.732 8.315 -218.805
14.385 -22.041 -0.736 8.357 -218.521
14.533 -22.211 -0.74 8.399 -218.237
14.683 -22.38 -0.744 8.441 -217.952
14.834 -22.547 -0.748 8.481 -217.666
14.986 -22.713 -0.752 8.521 -217.381
15.14 -22.878 -0.756 8.56 -217.094
15.295 -23.041 -0.76 8.599 -216.808
15.451 -23.202 -0.764 8.636 -216.521
15.609 -23.361 -0.768 8.673 -216.233
15.768 -23.519 -0.772 8.71 -215.945
15.929 -23.676 -0.775 8.746 -215.656
16.091 -23.83 -0.779 8.781 -215.366
16.254 -23.983 -0.782 8.816 -215.077
16.419 -24.134 -0.786 8.85 -214.787
16.584 -24.284 -0.789 8.883 -214.496
16.752 -24.431 -0.793 8.916 -214.206
16.92 -24.577 -0.796 8.948 -213.915
17.089 -24.721 -0.799 8.98 -213.624
17.26 -24.864 -0.802 9.011 -213.332
17.432 -25.004 -0.805 9.041 -213.041
17.606 -25.142 -0.808 9.071 -212.749
17.78 -25.279 -0.811 9.101 -212.458
17.956 -25.414 -0.814 9.13 -212.166
18.133 -25.547 -0.817 9.158 -211.874
18.311 -25.678 -0.82 9.186 -211.582
18.491 -25.808 -0.823 9.213 -211.29
18.672 -25.935 -0.825 9.24 -210.997
18.854 -26.061 -0.828 9.267 -210.705
19.038 -26.185 -0.83 9.293 -210.412
19.222 -26.307 -0.833 9.318 -210.12
19.408 -26.427 -0.835 9.343 -209.827
19.595 -26.546 -0.838 9.368 -209.534
19.784 -26.662 -0.84 9.392 -209.241
19.973 -26.776 -0.842 9.416 -208.948
20.163 -26.889 -0.844 9.439 -208.655
20.355 -26.999 -0.846 9.462 -208.362
20.547 -27.108 -0.849 9.485 -208.069
20.741 -27.214 -0.851 9.507 -207.775
20.935 -27.319 -0.853 9.529 -207.482
21.131 -27.421 -0.854 9.55 -207.188
21.327 -27.522 -0.856 9.571 -206.895
21.525 -27.62 -0.858 9.592 -206.601
21.723 -27.716 -0.86 9.613 -206.308
21.922 -27.811 -0.862 9.633 -206.014
22.123 -27.903 -0.863 9.652 -205.721
22.324 -27.993 -0.865 9.672 -205.428
22.526 -28.081 -0.866 9.691 -205.134
22.73 -28.168 -0.868 9.709 -204.841
22.934 -28.252 -0.869 9.728 -204.548
23.139 -28.334 -0.871 9.746 -204.255
23.345 -28.414 -0.872 9.763 -203.962
23.552 -28.492 -0.873 9.781 -203.669
23.76 -28.568 -0.875 9.798 -203.376
23.968 -28.641 -0.876 9.814 -203.083
24.178 -28.713 -0.877 9.831 -202.79
24.388 -28.783 -0.878 9.847 -202.497
24.599 -28.85 -0.879 9.862 -202.205
24.81 -28.916 -0.88 9.878 -201.912
25.023 -28.979 -0.881 9.892 -201.619
25.235 -29.04 -0.882 9.907 -201.327
25.449 -29.099 -0.883 9.921 -201.034
25.663 -29.156 -0.883 9.935 -200.742
25.878 -29.21 -0.884 9.949 -200.449
26.093 -29.263 -0.885 9.962 -200.157
26.309 -29.313 -0.885 9.975 -199.865
26.525 -29.361 -0.886 9.987 -199.573
26.742 -29.407 -0.887 9.999 -199.28
26.959 -29.451 -0.887 10.011 -198.988
27.177 -29.492 -0.887 10.022 -198.696
27.395 -29.532 -0.888 10.033 -198.404
27.613 -29.569 -0.888 10.044 -198.112
27.832 -29.604 -0.888 10.054 -197.82
28.052 -29.637 -0.889 10.065 -197.529
28.272 -29.668 -0.889 10.074 -197.237
28.492 -29.696 -0.889 10.084 -196.945
28.712 -29.723 -0.889 10.093 -196.653
28.932 -29.747 -0.889 10.102 -196.362
29.153 -29.769 -0.889 10.111 -196.07
29.374 -29.788 -0.889 10.119 -195.779
29.595 -29.806 -0.889 10.127 -195.487
29.817 -29.821 -0.888 10.135 -195.196
30.038 -29.834 -0.888 10.142 -194.905
30.26 -29.845 -0.888 10.149 -194.614
30.482 -29.854 -0.888 10.156 -194.323
30.703 -29.86 -0.887 10.163 -194.031
30.925 -29.864 -0.887 10.169 -193.741
31.146 -29.866 -0.886 10.175 -193.449
31.367 -29.866 -0.886 10.181 -193.157
31.588 -29.863 -0.885 10.187 -192.866
31.808 -29.859 -0.885 10.192 -192.574
32.028 -29.851 -0.884 10.197 -192.282
32.248 -29.842 -0.883 10.203 -191.99
32.467 -29.831 -0.883 10.207 -191.698
32.686 -29.817 -0.882 10.212 -191.405
32.904 -29.8 -0.881 10.217 -191.113
33.122 -29.782 -0.88 10.222 -190.82
33.339 -29.761 -0.879 10.226 -190.527
33.556 -29.738 -0.878 10.23 -190.233
33.772 -29.713 -0.877 10.235 -189.939
33.988 -29.685 -0.876 10.239 -189.645
34.203 -29.655 -0.875 10.243 -189.351
34.417 -29.623 -0.873 10.248 -189.056
34.631 -29.589 -0.872 10.252 -188.761
34.844 -29.552 -0.871 10.256 -188.465
35.056 -29.513 -0.869 10.261 -188.169
35.267 -29.471 -0.868 10.265 -187.873
35.478 -29.427 -0.867 10.27 -187.576
35.687 -29.381 -0.865 10.274 -187.278
35.895 -29.333 -0.863 10.279 -186.98
36.102 -29.282 -0.862 10.284 -186.681
36.308 -29.23 -0.86 10.289 -186.38
36.512 -29.174 -0.858 10.294 -186.078
36.715 -29.117 -0.857 10.3 -185.773
36.916 -29.057 -0.855 10.306 -185.466
37.116 -28.995 -0.853 10.312 -185.157
37.315 -28.931 -0.851 10.318 -184.847
37.512 -28.865 -0.849 10.325 -184.535
37.707 -28.796 -0.847 10.332 -184.22
37.901 -28.725 -0.845 10.34 -183.904
38.093 -28.652 -0.843 10.349 -183.585
38.283 -28.576 -0.841 10.358 -183.263
38.472 -28.499 -0.838 10.367 -182.939
38.659 -28.419 -0.836 10.377 -182.613
38.844 -28.336 -0.834 10.388 -182.284
39.028 -28.252 -0.831 10.4 -181.952
39.209 -28.165 -0.829 10.412 -181.617
39.389 -28.076 -0.826 10.426 -181.28
39.567 -27.985 -0.824 10.44 -180.939
39.743 -27.891 -0.822 10.454 -180.595
39.918 -27.795 -0.819 10.47 -180.248
40.091 -27.697 -0.817 10.487 -179.897
40.262 -27.596 -0.814 10.504 -179.542
40.432 -27.493 -0.812 10.522 -179.183
40.599 -27.388 -0.809 10.541 -178.82
40.764 -27.281 -0.806 10.561 -178.453
40.927 -27.171 -0.804 10.581 -178.081
41.088 -27.06 -0.801 10.603 -177.704
41.247 -26.946 -0.798 10.625 -177.323
41.403 -26.831 -0.796 10.648 -176.937
41.557 -26.714 -0.793 10.672 -176.545
41.708 -26.594 -0.79 10.696 -176.149
41.857 -26.473 -0.787 10.722 -175.746
42.004 -26.35 -0.785 10.748 -175.338
42.148 -26.225 -0.782 10.775 -174.924
42.289 -26.098 -0.779 10.803 -174.504
42.428 -25.97 -0.776 10.833 -174.078
42.564 -25.84 -0.773 10.862 -173.646
42.697 -25.708 -0.77 10.893 -173.207
42.829 -25.573 -0.767 10.925 -172.762
42.959 -25.435 -0.764 10.958 -172.312
43.087 -25.295 -0.761 10.992 -171.855
43.213 -25.153 -0.758 11.026 -171.394
43.338 -25.008 -0.756 11.061 -170.927
43.46 -24.86 -0.753 11.097 -170.456
43.581 -24.71 -0.751 11.133 -169.981
43.7 -24.558 -0.749 11.17 -169.501
43.817 -24.404 -0.747 11.207 -169.018
43.931 -24.247 -0.745 11.245 -168.531
44.044 -24.088 -0.743 11.283 -168.041
44.154 -23.927 -0.741 11.322 -167.547
44.262 -23.765 -0.739 11.361 -167.051
44.368 -23.6 -0.737 11.4 -166.552
44.472 -23.433 -0.735 11.439 -166.05
44.573 -23.264 -0.733 11.479 -165.546
44.672 -23.094 -0.732 11.519 -165.041
44.769 -22.922 -0.73 11.559 -164.533
44.863 -22.748 -0.728 11.599 -164.022
44.955 -22.573 -0.726 11.638 -163.51
45.044 -22.396 -0.725 11.678 -162.996
45.131 -22.217 -0.723 11.717 -162.48
45.217 -22.035 -0.722 11.756 -161.962
45.3 -21.85 -0.721 11.795 -161.444
45.382 -21.664 -0.72 11.833 -160.925
45.462 -21.475 -0.719 11.872 -160.406
45.539 -21.283 -0.718 11.91 -159.886
45.615 -21.09 -0.718 11.948 -159.367
45.689 -20.893 -0.717 11.985 -158.848
45.762 -20.695 -0.717 12.023 -158.33
45.832 -20.494 -0.717 12.06 -157.813
45.901 -20.292 -0.718 12.097 -157.297
45.967 -20.087 -0.718 12.133 -156.783
46.032 -19.88 -0.719 12.169 -156.271
46.095 -19.671 -0.719 12.205 -155.762
46.157 -19.46 -0.72 12.24 -155.254
46.216 -19.247 -0.721 12.275 -154.749
46.274 -19.032 -0.723 12.31 -154.248
46.33 -18.815 -0.724 12.344 -153.749
46.385 -18.596 -0.725 12.377 -153.254
46.438 -18.376 -0.727 12.41 -152.762
46.489 -18.154 -0.729 12.443 -152.274
46.538 -17.931 -0.731 12.474 -151.79
46.586 -17.706 -0.732 12.506 -151.31
46.632 -17.48 -0.734 12.536 -150.833
46.676 -17.253 -0.736 12.566 -150.361
46.719 -17.025 -0.738 12.596 -149.891
46.76 -16.796 -0.74 12.625 -149.426
46.799 -16.565 -0.742 12.653 -148.965
46.873 -16.101 -0.747 12.708 -148.052
46.941 -15.632 -0.751 12.761 -147.155
47.004 -15.159 -0.756 12.812 -146.273
47.06 -14.681 -0.761 12.86 -145.406
47.111 -14.199 -0.767 12.907 -144.554
47.157 -13.713 -0.773 12.952 -143.717
47.198 -13.224 -0.778 12.994 -142.896
47.235 -12.731 -0.784 13.035 -142.091
47.267 -12.235 -0.791 13.073 -141.3
47.294 -11.736 -0.797 13.11 -140.523
47.317 -11.234 -0.803 13.145 -139.761
47.337 -10.729 -0.81 13.178 -139.012
47.353 -10.221 -0.817 13.21 -138.277
47.365 -9.71 -0.824 13.239 -137.554
47.374 -9.196 -0.831 13.268 -136.845
47.381 -8.68 -0.838 13.294 -136.148
47.384 -8.161 -0.845 13.319 -135.464
47.385 -7.639 -0.853 13.343 -134.792
47.384 -7.117 -0.86 13.365 -134.132
47.381 -6.593 -0.867 13.386 -133.483
47.375 -6.068 -0.874 13.405 -132.846
47.358 -5.013 -0.889 13.439 -131.602
47.334 -3.954 -0.903 13.467 -130.398
47.305 -2.888 -0.916 13.49 -129.232
47.271 -1.818 -0.93 13.508 -128.102
47.233 -0.743 -0.943 13.521 -127.006
47.15 1.42 -0.968 13.53 -124.908
47.064 3.602 -0.992 13.519 -122.922
47.023 4.698 -1.003 13.506 -121.968
46.983 5.799 -1.014 13.486 -121.039
46.946 6.902 -1.024 13.46 -120.135
46.912 8.009 -1.033 13.427 -119.255
46.882 9.12 -1.041 13.386 -118.398
46.857 10.233 -1.048 13.337 -117.564
46.838 11.349 -1.054 13.28 -116.75
46.824 12.467 -1.059 13.213 -115.956
46.817 13.588 -1.062 13.137 -115.18
46.816 14.712 -1.065 13.051 -114.42
46.819 15.275 -1.066 13.004 -114.047
46.824 15.839 -1.066 12.955 -113.677
46.831 16.404 -1.066 12.902 -113.31
46.84 16.97 -1.066 12.846 -112.948
46.852 17.537 -1.065 12.786 -112.589
46.866 18.105 -1.064 12.723 -112.234
46.882 18.674 -1.063 12.656 -111.882
46.902 19.243 -1.061 12.584 -111.533
46.924 19.814 -1.059 12.508 -111.188
46.949 20.386 -1.056 12.428 -110.846
46.978 20.958 -1.052 12.342 -110.506
47.009 21.529 -1.048 12.252 -110.169
47.043 22.099 -1.044 12.158 -109.833
47.08 22.669 -1.038 12.059 -109.497
47.12 23.237 -1.032 11.956 -109.161
47.162 23.804 -1.026 11.849 -108.823
47.207 24.371 -1.019 11.739 -108.483
47.254 24.936 -1.012 11.625 -108.139
47.304 25.501 -1.004 11.509 -107.792
47.356 26.064 -0.996 11.389 -107.439
47.41 26.626 -0.987 11.267 -107.08
47.466 27.186 -0.978 11.143 -106.714
47.582 28.299 -0.96 10.889 -105.958
47.702 29.401 -0.94 10.63 -105.168
47.825 30.493 -0.919 10.369 -104.338
48.067 32.65 -0.877 9.854 -102.544
48.303 34.802 -0.835 9.358 -100.549
48.773 39.136 -0.753 8.413 -95.858
49.247 43.469 -0.671 7.528 -90
49.272 43.664 -0.667 7.528 -90
49.305 43.859 -0.663 7.528 -90
49.345 44.052 -0.658 7.528 -90
49.392 44.243 -0.651 7.528 -90
49.447 44.433 -0.644 7.528 -90
49.509 44.62 -0.636 7.528 -90
49.577 44.805 -0.627 7.528 -90
49.653 44.987 -0.617 7.528 -90
49.736 45.165 -0.606 7.528 -90
49.825 45.341 -0.594 7.528 -90
49.921 45.513 -0.581 7.528 -90
50.024 45.681 -0.568 7.528 -90
50.132 45.845 -0.554 7.528 -90
50.247 46.005 -0.538 7.528 -90
50.368 46.16 -0.522 7.528 -90
50.495 46.31 -0.506 7.528 -90
50.627 46.456 -0.488 7.528 -90
50.765 46.596 -0.47 7.528 -90
50.908 46.73 -0.451 7.528 -90
51.056 46.859 -0.432 7.528 -90
51.209 46.983 -0.411 7.528 -90
51.366 47.1 -0.391 7.528 -90
51.528 47.211 -0.369 7.528 -90
51.693 47.316 -0.347 7.528 -90
51.863 47.414 -0.325 7.528 -90
52.036 47.506 -0.302 7.528 -90
52.213 47.591 -0.279 7.528 -90
52.392 47.669 -0.255 7.528 -90
52.575 47.74 -0.231 7.528 -90
52.76 47.804 -0.206 7.528 -90
52.947 47.86 -0.182 7.528 -90
53.137 47.91 -0.157 7.528 -90
53.328 47.952 -0.131 7.528 -90
53.52 47.987 -0.106 7.528 -90
53.714 48.014 -0.08 7.528 -90
53.909 48.034 -0.055 7.528 -90
54.104 48.046 -0.029 7.528 -90
54.3 48.05 -0.003 7.528 -90
54.495 48.048 0.023 7.528 -90
54.69 48.037 0.049 7.528 -90
54.885 48.019 0.074 7.528 -90
58.345 47.629 0.6 7.648 -84.369
58.539 47.604 0.625 7.648 -84.369
58.732 47.571 0.651 7.648 -84.369
58.923 47.531 0.676 7.648 -84.369
59.113 47.483 0.701 7.648 -84.369
59.301 47.428 0.725 7.648 -84.369
59.486 47.366 0.749 7.648 -84.369
59.67 47.296 0.773 7.648 -84.369
59.85 47.22 0.796 7.648 -84.369
60.027 47.136 0.818 7.648 -84.369
60.202 47.046 0.84 7.648 -84.369
60.372 46.949 0.862 7.648 -84.369
60.539 46.846 0.883 7.648 -84.369
60.702 46.736 0.903 7.648 -84.369
60.86 46.621 0.923 7.648 -84.369
61.014 46.499 0.942 7.648 -84.369
61.163 46.371 0.96 7.648 -84.369
61.308 46.237 0.977 7.648 -84.369
61.447 46.099 0.994 7.648 -84.369
61.581 45.954 1.01 7.648 -84.369
61.709 45.805 1.025 7.648 -84.369
61.831 45.651 1.04 7.648 -84.369
61.948 45.492 1.053 7.648 -84.369
62.058 45.329 1.066 7.648 -84.369
62.162 45.162 1.078 7.648 -84.369
62.26 44.991 1.088 7.648 -84.369
62.351 44.816 1.098 7.648 -84.369
62.436 44.638 1.107 7.648 -84.369
62.513 44.457 1.115 7.648 -84.369
62.584 44.273 1.122 7.648 -84.369
62.648 44.086 1.128 7.648 -84.369
62.704 43.897 1.133 7.648 -84.369
62.754 43.706 1.137 7.648 -84.369
62.796 43.514 1.14 7.648 -84.369
62.83 43.319 1.143 7.648 -84.369
62.858 43.124 1.144 7.648 -84.369
62.878 42.928 1.144 7.648 -84.369
62.89 42.731 1.143 7.648 -84.369
62.895 42.534 1.141 7.648 -84.369
62.892 42.336 1.138 7.648 -84.369
62.882 42.139 1.134 7.648 -84.369
62.864 41.943 1.129 7.648 -84.369
62.359 37.613 1.269 8.454 -90.728
61.856 33.288 1.406 9.334 -95.963
61.597 31.106 1.476 9.804 -98.148
61.333 28.931 1.547 10.295 -100.146
61.203 27.862 1.582 10.544 -101.106
61.076 26.787 1.616 10.793 -101.899
60.955 25.729 1.649 11.036 -102.713
60.899 25.206 1.664 11.155 -103.129
60.845 24.686 1.679 11.272 -103.548
60.793 24.167 1.693 11.386 -103.969
60.744 23.65 1.706 11.497 -104.392
60.697 23.133 1.718 11.605 -104.819
60.653 22.618 1.73 11.711 -105.25
60.612 22.103 1.741 11.813 -105.686
60.574 21.59 1.751 11.912 -106.128
60.538 21.076 1.759 12.006 -106.544
60.506 20.562 1.767 12.095 -106.949
60.476 20.049 1.774 12.179 -107.362
60.45 19.537 1.78 12.259 -107.781
60.427 19.023 1.784 12.334 -108.193
60.407 18.506 1.788 12.403 -108.599
60.39 17.988 1.791 12.468 -109
60.375 17.468 1.793 12.528 -109.397
60.363 16.946 1.794 12.584 -109.789
60.353 16.423 1.795 12.636 -110.178
60.346 15.897 1.795 12.683 -110.563
60.341 15.369 1.794 12.727 -110.945
60.338 14.84 1.793 12.767 -111.323
60.338 14.314 1.791 12.806 -111.733
60.342 13.262 1.786 12.879 -112.575
60.353 12.206 1.779 12.941 -113.429
60.372 11.146 1.77 12.994 -114.296
60.396 10.081 1.759 13.037 -115.178
60.426 9.013 1.746 13.072 -116.078
60.462 7.939 1.732 13.098 -116.993
60.501 6.873 1.716 13.12 -117.952
60.543 5.802 1.699 13.135 -118.929
60.589 4.725 1.681 13.144 -119.924
60.637 3.643 1.661 13.146 -120.937
60.735 1.457 1.62 13.135 -123.031
60.83 -0.729 1.578 13.11 -125.237
60.874 -1.829 1.555 13.092 -126.386
60.914 -2.938 1.533 13.069 -127.568
60.95 -4.056 1.51 13.042 -128.786
60.979 -5.183 1.486 13.011 -130.045
60.991 -5.75 1.475 12.993 -130.689
61 -6.313 1.463 12.976 -131.34
61.008 -6.87 1.451 12.958 -131.996
61.013 -7.429 1.439 12.939 -132.662
61.016 -7.991 1.427 12.919 -133.34
61.017 -8.554 1.415 12.897 -134.024
61.014 -9.122 1.404 12.873 -134.716
61.009 -9.694 1.392 12.848 -135.42
61 -10.271 1.381 12.822 -136.135
60.987 -10.851 1.37 12.795 -136.861
60.969 -11.436 1.359 12.766 -137.599
60.948 -12.025 1.348 12.736 -138.35
60.921 -12.618 1.338 12.705 -139.113
60.889 -13.215 1.328 12.672 -139.888
60.853 -13.801 1.318 12.641 -140.669
60.811 -14.38 1.309 12.611 -141.456
60.764 -14.963 1.3 12.578 -142.253
60.71 -15.551 1.291 12.544 -143.059
60.65 -16.143 1.282 12.508 -143.876
60.582 -16.74 1.274 12.469 -144.704
60.507 -17.34 1.267 12.429 -145.542
60.423 -17.945 1.259 12.387 -146.39
60.378 -18.249 1.256 12.365 -146.818
60.331 -18.554 1.252 12.342 -147.249
60.281 -18.86 1.249 12.319 -147.682
60.229 -19.166 1.246 12.295 -148.118
60.175 -19.474 1.243 12.271 -148.556
60.118 -19.782 1.239 12.247 -148.997
60.059 -20.092 1.236 12.221 -149.44
59.997 -20.402 1.234 12.195 -149.886
59.933 -20.713 1.231 12.169 -150.334
59.865 -21.025 1.228 12.142 -150.785
59.798 -21.326 1.225 12.12 -151.245
59.729 -21.622 1.223 12.101 -151.708
59.658 -21.918 1.221 12.081 -152.17
59.584 -22.216 1.219 12.06 -152.632
59.507 -22.514 1.217 12.038 -153.095
59.427 -22.814 1.215 12.015 -153.559
59.344 -23.114 1.213 11.991 -154.022
59.258 -23.416 1.212 11.967 -154.485
59.168 -23.718 1.211 11.942 -154.948
59.075 -24.022 1.21 11.916 -155.411
58.979 -24.326 1.209 11.889 -155.873
58.88 -24.631 1.208 11.862 -156.334
58.776 -24.936 1.208 11.834 -156.794
58.669 -25.242 1.208 11.805 -157.252
58.559 -25.549 1.208 11.776 -157.709
58.444 -25.857 1.208 11.745 -158.164
58.325 -26.164 1.209 11.715 -158.617
58.203 -26.472 1.209 11.683 -159.067
58.076 -26.781 1.21 11.651 -159.515
57.945 -27.09 1.212 11.618 -159.961
57.809 -27.399 1.213 11.584 -160.403
57.669 -27.708 1.215 11.55 -160.841
57.525 -28.016 1.217 11.516 -161.277
57.376 -28.325 1.219 11.48 -161.708
57.222 -28.634 1.221 11.444 -162.135
57.064 -28.942 1.224 11.409 -162.565
56.908 -29.236 1.226 11.386 -163.028
56.749 -29.528 1.229 11.362 -163.488
56.586 -29.818 1.231 11.338 -163.946
56.419 -30.106 1.233 11.313 -164.401
56.248 -30.393 1.236 11.288 -164.853
56.074 -30.678 1.239 11.263 -165.302
55.896 -30.961 1.241 11.237 -165.748
55.714 -31.242 1.244 11.211 -166.191
55.528 -31.522 1.246 11.185 -166.63
55.339 -31.799 1.249 11.158 -167.065
55.145 -32.075 1.252 11.132 -167.496
54.948 -32.348 1.255 11.105 -167.923
54.747 -32.62 1.258 11.078 -168.345
54.542 -32.889 1.261 11.051 -168.763
54.334 -33.156 1.264 11.024 -169.176
54.121 -33.42 1.267 10.997 -169.584
53.904 -33.683 1.27 10.97 -169.986
53.684 -33.943 1.274 10.943 -170.383
53.46 -34.2 1.277 10.916 -170.774
53.232 -34.456 1.281 10.889 -171.159
52.999 -34.708 1.285 10.862 -171.537
52.763 -34.958 1.289 10.835 -171.909
52.523 -35.205 1.293 10.809 -172.274
52.279 -35.45 1.297 10.783 -172.631
52.032 -35.691 1.301 10.758 -172.989
51.781 -35.929 1.306 10.735 -173.353
51.526 -36.163 1.31 10.714 -173.72
51.27 -36.394 1.314 10.693 -174.084
51.01 -36.62 1.318 10.673 -174.446
50.749 -36.842 1.322 10.654 -174.805
50.485 -37.06 1.326 10.635 -175.162
50.219 -37.274 1.33 10.617 -175.516
49.951 -37.484 1.334 10.6 -175.868
49.681 -37.691 1.338 10.584 -176.217
49.408 -37.893 1.342 10.568 -176.565
49.134 -38.091 1.346 10.553 -176.911
48.858 -38.285 1.35 10.538 -177.254
48.58 -38.475 1.353 10.525 -177.596
48.3 -38.662 1.357 10.511 -177.936
48.019 -38.844 1.361 10.499 -178.274
47.735 -39.023 1.364 10.487 -178.611
47.45 -39.197 1.368 10.475 -178.946
47.164 -39.368 1.371 10.464 -179.279
46.876 -39.535 1.375 10.454 -179.611
46.587 -39.699 1.378 10.445 -179.941
46.296 -39.858 1.382 10.435 -180.27
46.003 -40.014 1.385 10.427 -180.598
45.71 -40.166 1.389 10.419 -180.924
45.415 -40.314 1.392 10.411 -181.249
45.118 -40.458 1.396 10.404 -181.575
44.821 -40.599 1.399 10.398 -181.901
44.516 -40.739 1.403 10.389 -182.195
44.208 -40.876 1.406 10.38 -182.482
43.899 -41.009 1.409 10.371 -182.769
43.59 -41.138 1.413 10.363 -183.057
43.28 -41.263 1.416 10.355 -183.344
42.97 -41.383 1.419 10.349 -183.633
42.659 -41.501 1.422 10.342 -183.921
42.348 -41.614 1.425 10.337 -184.211
42.036 -41.723 1.428 10.332 -184.501
41.724 -41.829 1.431 10.327 -184.792
41.412 -41.931 1.434 10.323 -185.084
41.099 -42.03 1.437 10.319 -185.377
40.787 -42.124 1.44 10.316 -185.671
40.474 -42.216 1.442 10.313 -185.966
40.161 -42.303 1.445 10.31 -186.263
39.848 -42.388 1.447 10.308 -186.561
39.535 -42.468 1.45 10.305 -186.86
39.223 -42.546 1.452 10.304 -187.161
38.91 -42.62 1.455 10.302 -187.464
38.597 -42.691 1.457 10.301 -187.768
38.284 -42.758 1.459 10.299 -188.074
37.972 -42.822 1.461 10.298 -188.382
37.659 -42.883 1.463 10.297 -188.692
37.347 -42.941 1.465 10.296 -189.002
37.034 -42.996 1.467 10.295 -189.314
36.72 -43.048 1.469 10.294 -189.618
36.4 -43.098 1.471 10.29 -189.896
36.08 -43.145 1.473 10.287 -190.175
35.761 -43.188 1.474 10.283 -190.454
35.441 -43.229 1.476 10.28 -190.734
35.121 -43.266 1.478 10.276 -191.015
34.801 -43.3 1.479 10.273 -191.297
34.482 -43.331 1.481 10.269 -191.579
34.162 -43.36 1.482 10.266 -191.863
33.843 -43.385 1.483 10.262 -192.147
33.524 -43.407 1.485 10.258 -192.432
33.205 -43.426 1.486 10.254 -192.718
32.887 -43.442 1.487 10.251 -193.005
32.568 -43.456 1.488 10.247 -193.293
32.25 -43.466 1.489 10.243 -193.582
31.932 -43.474 1.49 10.238 -193.872
31.615 -43.478 1.491 10.234 -194.163
31.298 -43.48 1.492 10.23 -194.455
30.981 -43.479 1.493 10.225 -194.748
30.665 -43.475 1.493 10.22 -195.042
30.349 -43.469 1.494 10.215 -195.338
30.033 -43.459 1.494 10.21 -195.634
29.717 -43.447 1.495 10.204 -195.931
29.402 -43.432 1.495 10.199 -196.228
29.087 -43.415 1.496 10.193 -196.526
28.772 -43.394 1.496 10.186 -196.824
28.456 -43.371 1.496 10.179 -197.116
28.14 -43.345 1.496 10.172 -197.403
27.824 -43.316 1.496 10.165 -197.691
27.509 -43.285 1.496 10.157 -197.979
27.194 -43.25 1.496 10.149 -198.268
26.879 -43.213 1.496 10.14 -198.557
26.564 -43.173 1.496 10.132 -198.847
26.25 -43.131 1.496 10.123 -199.137
25.936 -43.085 1.496 10.114 -199.427
25.623 -43.037 1.495 10.104 -199.718
25.31 -42.986 1.495 10.094 -200.009
24.997 -42.932 1.494 10.084 -200.301
24.685 -42.876 1.494 10.074 -200.593
24.373 -42.816 1.493 10.064 -200.885
24.062 -42.754 1.493 10.053 -201.178
23.751 -42.69 1.492 10.041 -201.472
23.441 -42.622 1.491 10.03 -201.766
23.131 -42.552 1.49 10.018 -202.06
22.822 -42.479 1.489 10.006 -202.355
22.513 -42.403 1.488 9.993 -202.65
22.206 -42.324 1.487 9.981 -202.945
21.898 -42.243 1.486 9.967 -203.241
21.592 -42.159 1.485 9.954 -203.536
21.286 -42.072 1.484 9.94 -203.832
20.981 -41.983 1.482 9.926 -204.128
20.677 -41.891 1.481 9.912 -204.424
20.374 -41.796 1.479 9.897 -204.719
20.072 -41.699 1.478 9.882 -205.013
19.771 -41.599 1.476 9.866 -205.308
19.471 -41.496 1.474 9.851 -205.603
19.171 -41.391 1.472 9.835 -205.898
18.873 -41.283 1.471 9.818 -206.194
18.575 -41.172 1.469 9.802 -206.489
18.278 -41.058 1.467 9.785 -206.785
17.983 -40.942 1.465 9.767 -207.081
17.688 -40.823 1.463 9.75 -207.377
17.394 -40.702 1.46 9.732 -207.673
17.101 -40.578 1.458 9.714 -207.969
16.809 -40.451 1.456 9.695 -208.266
16.518 -40.321 1.453 9.676 -208.563
16.229 -40.189 1.451 9.657 -208.86
15.94 -40.054 1.448 9.638 -209.157
15.652 -39.917 1.446 9.618 -209.454
15.366 -39.777 1.443 9.598 -209.752
15.081 -39.635 1.44 9.577 -210.05
14.798 -39.49 1.438 9.557 -210.349
14.516 -39.342 1.435 9.536 -210.649
14.235 -39.192 1.432 9.514 -210.95
13.956 -39.04 1.429 9.493 -211.252
13.679 -38.885 1.426 9.471 -211.554
13.403 -38.728 1.423 9.448 -211.858
13.128 -38.568 1.419 9.426 -212.157
12.854 -38.405 1.416 9.402 -212.451
12.582 -38.24 1.413 9.379 -212.746
12.311 -38.073 1.409 9.355 -213.041
12.042 -37.904 1.406 9.331 -213.337
11.774 -37.732 1.402 9.306 -213.635
11.508 -37.557 1.398 9.281 -213.932
11.244 -37.381 1.394 9.256 -214.231
10.981 -37.202 1.391 9.23 -214.531
10.72 -37.021 1.387 9.204 -214.832
10.46 -36.837 1.383 9.177 -215.133
10.202 -36.651 1.379 9.15 -215.436
9.946 -36.463 1.374 9.122 -215.739
9.691 -36.273 1.37 9.094 -216.044
9.439 -36.081 1.366 9.066 -216.349
9.188 -35.886 1.361 9.037 -216.655
8.938 -35.689 1.357 9.008 -216.962
8.691 -35.491 1.352 8.978 -217.269
8.446 -35.29 1.348 8.948 -217.578
8.203 -35.087 1.343 8.917 -217.888
7.962 -34.883 1.338 8.886 -218.199
7.723 -34.677 1.333 8.854 -218.511
7.486 -34.469 1.328 8.822 -218.825
7.251 -34.259 1.323 8.79 -219.139
7.018 -34.047 1.318 8.757 -219.455
6.787 -33.833 1.313 8.723 -219.772
6.556 -33.616 1.307 8.689 -220.073
6.326 -33.396 1.302 8.654 -220.37
6.099 -33.175 1.296 8.619 -220.668
5.874 -32.952 1.291 8.583 -220.968
5.65 -32.728 1.285 8.546 -221.268
5.429 -32.501 1.279 8.509 -221.57
5.21 -32.273 1.273 8.472 -221.874
4.993 -32.043 1.267 8.434 -222.178
4.778 -31.812 1.261 8.395 -222.484
4.565 -31.579 1.255 8.356 -222.791
4.354 -31.345 1.249 8.316 -223.099
4.145 -31.109 1.242 8.275 -223.409
3.938 -30.871 1.236 8.234 -223.72
3.734 -30.633 1.229 8.193 -224.032
3.532 -30.393 1.223 8.15 -224.347
3.333 -30.152 1.216 8.108 -224.664
3.135 -29.91 1.209 8.064 -224.983
2.94 -29.667 1.202 8.02 -225.305
2.748 -29.423 1.195 7.975 -225.629
2.557 -29.178 1.188 7.929 -225.955
2.369 -28.932 1.181 7.883 -226.284
2.183 -28.685 1.174 7.836 -226.616
2 -28.437 1.167 7.788 -226.951
1.818 -28.189 1.159 7.74 -227.288
1.639 -27.939 1.152 7.69 -227.628
1.461 -27.688 1.144 7.64 -227.964
1.282 -27.432 1.136 7.589 -228.275
1.106 -27.174 1.128 7.537 -228.589
0.931 -26.916 1.12 7.484 -228.906
0.759 -26.657 1.112 7.43 -229.226
0.589 -26.398 1.103 7.375 -229.549
0.421 -26.138 1.095 7.319 -229.875
0.255 -25.877 1.086 7.263 -230.204
0.091 -25.616 1.078 7.205 -230.537
-0.07 -25.354 1.069 7.147 -230.873
-0.23 -25.091 1.06 7.087 -231.212
-0.387 -24.828 1.051 7.027 -231.552
-0.696 -24.301 1.032 6.903 -232.235
-0.997 -23.772 1.013 6.776 -232.92
-1.29 -23.241 0.993 6.645 -233.61
-1.576 -22.709 0.973 6.51 -234.306
-1.854 -22.176 0.953 6.373 -235.008
-2.125 -21.641 0.932 6.232 -235.717
-2.388 -21.106 0.911 6.087 -236.436
-2.65 -20.559 0.889 5.937 -237.182
-2.906 -20.008 0.866 5.783 -237.944
-3.155 -19.457 0.843 5.625 -238.722
-3.397 -18.906 0.819 5.465 -239.517
-3.632 -18.355 0.795 5.301 -240.33
-3.86 -17.805 0.771 5.135 -241.163
-4.082 -17.255 0.746 4.967 -242.022
-4.298 -16.706 0.721 4.796 -242.91
-4.508 -16.158 0.695 4.623 -243.832
-4.712 -15.612 0.67 4.448 -244.796
-4.911 -15.066 0.644 4.27 -245.806
-5.104 -14.522 0.617 4.091 -246.873
-5.292 -13.979 0.59 3.911 -248.005
-5.481 -13.422 0.563 3.723 -249.322
-5.665 -12.867 0.534 3.535 -250.744
-5.844 -12.313 0.506 3.346 -252.285
-6.019 -11.761 0.477 3.156 -253.968
-6.19 -11.211 0.448 2.967 -255.824
-6.357 -10.664 0.419 2.779 -257.89
-6.52 -10.118 0.39 2.592 -260.212
-6.679 -9.575 0.36 2.408 -262.85
-6.835 -9.034 0.33 2.228 -265.878
-6.988 -8.495 0.3 2.053 -269.389
-7.286 -7.425 0.239 1.726 -278.35
-7.58 -6.346 0.177 1.455 -291.545
-7.869 -5.265 0.113 1.289 -309.674
-8.15 -4.196 0.049 1.27 -330.404
-8.427 -3.139 -0.014 1.405 -349.241
-8.971 -1.065 -0.142 1.969 -373.542
-9.243 -0.041 -0.205 2.329 -380.523
-9.524 0.995 -0.27 2.729 -385.374
-9.665 1.507 -0.302 2.932 -387.247
-9.807 2.015 -0.334 3.137 -388.842
-9.95 2.52 -0.366 3.341 -390.206
-10.095 3.02 -0.397 3.545 -391.377
-10.241 3.516 -0.429 3.748 -392.385
-10.388 4.008 -0.46 3.95 -393.256
-10.537 4.496 -0.491 4.15 -394.011
-10.688 4.98 -0.521 4.348 -394.666
-10.841 5.459 -0.552 4.543 -395.234
-10.996 5.935 -0.581 4.735 -395.723
-11.157 6.415 -0.612 4.931 -396.095
-11.323 6.898 -0.642 5.129 -396.374
-11.491 7.375 -0.672 5.322 -396.599
-11.663 7.848 -0.701 5.511 -396.772
-11.837 8.316 -0.73 5.695 -396.898
-12.015 8.778 -0.758 5.875 -396.976
-12.196 9.235 -0.786 6.05 -397.005
-12.38 9.687 -0.813 6.221 -396.99
-12.568 10.133 -0.84 6.388 -396.935
-12.759 10.573 -0.866 6.55 -396.843
-12.954 11.007 -0.892 6.707 -396.717
-13.153 11.435 -0.917 6.859 -396.56
-13.355 11.857 -0.941 7.006 -396.374
-13.568 12.284 -0.966 7.151 -396.176
-13.676 12.497 -0.978 7.221 -396.069
-13.786 12.708 -0.99 7.291 -395.954
-13.896 12.917 -1.002 7.359 -395.83
-14.008 13.125 -1.013 7.426 -395.698
-14.122 13.331 -1.025 7.492 -395.558
-14.236 13.536 -1.036 7.556 -395.41
-14.351 13.739 -1.047 7.62 -395.254
-14.468 13.94 -1.058 7.682 -395.091
-14.586 14.14 -1.069 7.743 -394.922
-14.705 14.338 -1.08 7.803 -394.746
-14.825 14.534 -1.09 7.861 -394.563
-14.947 14.729 -1.1 7.919 -394.375
-15.07 14.922 -1.111 7.975 -394.181
-15.193 15.113 -1.121 8.031 -393.981
-15.318 15.302 -1.131 8.085 -393.776
-15.444 15.489 -1.14 8.138 -393.565
-15.572 15.675 -1.15 8.19 -393.35
-15.7 15.859 -1.159 8.24 -393.13
-15.83 16.04 -1.168 8.29 -392.905
-15.961 16.22 -1.178 8.338 -392.676
-16.093 16.398 -1.187 8.386 -392.442
-16.226 16.574 -1.195 8.432 -392.203
-16.36 16.749 -1.204 8.478 -391.959
-16.496 16.922 -1.212 8.522 -391.709
-16.637 17.097 -1.221 8.564 -391.497
-16.779 17.271 -1.229 8.606 -391.281
-16.923 17.443 -1.238 8.646 -391.059
-17.068 17.613 -1.246 8.685 -390.832
-17.214 17.78 -1.254 8.724 -390.6
-17.361 17.946 -1.261 8.762 -390.365
-17.51 18.11 -1.269 8.799 -390.124
-17.659 18.271 -1.277 8.835 -389.88
-17.81 18.431 -1.284 8.87 -389.631
-17.962 18.588 -1.291 8.905 -389.379
-18.115 18.743 -1.298 8.939 -389.122
-18.27 18.896 -1.305 8.972 -388.863
-18.425 19.046 -1.312 9.004 -388.599
-18.582 19.195 -1.319 9.036 -388.333
-18.74 19.341 -1.326 9.067 -388.063
-18.899 19.485 -1.332 9.097 -387.788
-19.059 19.628 -1.338 9.127 -387.512
-19.221 19.768 -1.345 9.156 -387.234
-19.384 19.906 -1.351 9.184 -386.953
-19.549 20.043 -1.357 9.212 -386.671
-19.715 20.177 -1.362 9.239 -386.386
-19.883 20.31 -1.368 9.266 -386.1
-20.052 20.44 -1.373 9.292 -385.812
-20.222 20.568 -1.379 9.318 -385.522
-20.393 20.695 -1.384 9.342 -385.231
-20.567 20.819 -1.389 9.366 -384.948
-20.742 20.942 -1.394 9.39 -384.68
-20.918 21.063 -1.399 9.412 -384.41
-21.096 21.182 -1.404 9.434 -384.139
-21.275 21.298 -1.409 9.456 -383.865
-21.455 21.412 -1.413 9.477 -383.591
-21.635 21.523 -1.418 9.498 -383.314
-21.817 21.633 -1.422 9.518 -383.037
-22 21.74 -1.426 9.538 -382.757
-22.184 21.845 -1.43 9.558 -382.475
-22.37 21.948 -1.434 9.577 -382.193
-22.557 22.049 -1.438 9.596 -381.911
-22.746 22.147 -1.441 9.614 -381.627
-22.936 22.244 -1.445 9.632 -381.343
-23.127 22.338 -1.448 9.649 -381.058
-23.319 22.43 -1.452 9.667 -380.772
-23.513 22.52 -1.455 9.683 -380.485
-23.707 22.608 -1.458 9.7 -380.198
-23.903 22.694 -1.461 9.716 -379.91
-24.1 22.777 -1.464 9.732 -379.622
-24.298 22.858 -1.466 9.747 -379.332
-24.497 22.937 -1.469 9.762 -379.042
-24.697 23.013 -1.472 9.777 -378.751
-24.897 23.087 -1.474 9.791 -378.46
-25.099 23.159 -1.476 9.805 -378.168
-25.301 23.228 -1.478 9.819 -377.875
-25.504 23.295 -1.481 9.832 -377.585
-25.708 23.36 -1.482 9.845 -377.295
-25.912 23.422 -1.484 9.858 -377.006
-26.118 23.482 -1.486 9.87 -376.717
-26.324 23.54 -1.488 9.883 -376.428
-26.531 23.595 -1.489 9.894 -376.139
-26.739 23.648 -1.491 9.906 -375.851
-26.947 23.698 -1.492 9.917 -375.564
-27.157 23.747 -1.493 9.928 -375.276
-27.366 23.792 -1.494 9.938 -374.989
-27.577 23.836 -1.495 9.949 -374.702
-27.788 23.877 -1.496 9.958 -374.416
-27.999 23.915 -1.497 9.968 -374.13
-28.211 23.951 -1.498 9.977 -373.845
-28.423 23.985 -1.498 9.986 -373.559
-28.636 24.016 -1.499 9.994 -373.275
-28.849 24.045 -1.499 10.002 -372.99
-29.063 24.072 -1.499 10.01 -372.707
-29.276 24.095 -1.499 10.017 -372.423
-29.49 24.117 -1.499 10.024 -372.139
-29.704 24.136 -1.499 10.03 -371.853
-29.917 24.152 -1.499 10.036 -371.565
-30.131 24.166 -1.498 10.042 -371.276
-30.344 24.178 -1.498 10.047 -370.986
-30.557 24.187 -1.497 10.052 -370.693
-30.77 24.193 -1.496 10.057 -370.405
-30.986 24.197 -1.495 10.062 -370.138
-31.201 24.199 -1.494 10.067 -369.869
-31.416 24.198 -1.493 10.072 -369.598
-31.63 24.194 -1.492 10.077 -369.326
-31.844 24.188 -1.491 10.081 -369.051
-32.057 24.179 -1.489 10.086 -368.774
-32.269 24.167 -1.488 10.09 -368.496
-32.482 24.153 -1.486 10.094 -368.215
-32.693 24.137 -1.484 10.098 -367.933
-32.904 24.118 -1.482 10.102 -367.649
-33.114 24.096 -1.48 10.105 -367.362
-33.323 24.072 -1.478 10.109 -367.073
-33.53 24.045 -1.476 10.112 -366.779
-33.736 24.016 -1.474 10.116 -366.483
-33.941 23.984 -1.471 10.119 -366.182
-34.145 23.95 -1.469 10.123 -365.877
-34.347 23.913 -1.466 10.126 -365.569
-34.547 23.874 -1.463 10.129 -365.256
-34.746 23.833 -1.461 10.133 -364.939
-34.943 23.789 -1.458 10.136 -364.617
-35.139 23.742 -1.455 10.14 -364.292
-35.333 23.693 -1.452 10.143 -363.962
-35.524 23.642 -1.448 10.147 -363.627
-35.715 23.589 -1.445 10.151 -363.289
-35.903 23.533 -1.442 10.156 -362.946
-36.095 23.473 -1.438 10.164 -362.649
-36.289 23.409 -1.434 10.176 -362.38
-36.481 23.342 -1.43 10.189 -362.105
-36.671 23.273 -1.426 10.202 -361.824
-36.858 23.202 -1.422 10.216 -361.533
-37.042 23.128 -1.418 10.23 -361.232
-37.224 23.052 -1.414 10.245 -360.921
-37.402 22.974 -1.409 10.26 -360.598
-37.577 22.894 -1.404 10.276 -360.264
-37.748 22.812 -1.4 10.293 -359.917
-37.916 22.728 -1.395 10.31 -359.558
-38.081 22.642 -1.39 10.327 -359.184
-38.242 22.555 -1.385 10.345 -358.797
-38.399 22.465 -1.379 10.364 -358.396
-38.552 22.375 -1.374 10.383 -357.98
-38.702 22.282 -1.368 10.403 -357.55
-38.847 22.189 -1.362 10.424 -357.104
-38.989 22.094 -1.357 10.445 -356.644
-39.126 21.997 -1.351 10.467 -356.169
-39.26 21.9 -1.345 10.49 -355.679
-39.39 21.801 -1.338 10.515 -355.184
-39.518 21.7 -1.332 10.543 -354.696
-39.645 21.595 -1.326 10.574 -354.204
-39.77 21.487 -1.321 10.606 -353.708
-39.894 21.377 -1.315 10.641 -353.208
-40.016 21.263 -1.31 10.677 -352.704
-40.137 21.147 -1.305 10.712 -352.163
-40.256 21.027 -1.299 10.747 -351.618
-40.373 20.905 -1.294 10.785 -351.069
-40.488 20.781 -1.289 10.823 -350.514
-40.6 20.654 -1.285 10.863 -349.955
-40.71 20.525 -1.28 10.904 -349.392
-40.818 20.394 -1.275 10.946 -348.822
-40.923 20.261 -1.27 10.989 -348.247
-41.025 20.127 -1.265 11.032 -347.667
-41.124 19.99 -1.26 11.076 -347.08
-41.22 19.852 -1.255 11.121 -346.487
-41.314 19.712 -1.25 11.168 -345.899
-41.406 19.569 -1.246 11.219 -345.326
-41.497 19.421 -1.242 11.273 -344.754
-41.587 19.269 -1.238 11.327 -344.184
-41.676 19.113 -1.234 11.384 -343.615
-41.763 18.952 -1.231 11.441 -343.048
-41.849 18.787 -1.229 11.501 -342.483
-41.934 18.618 -1.226 11.562 -341.921
-42.017 18.444 -1.224 11.624 -341.362
-42.099 18.267 -1.223 11.687 -340.806
-42.179 18.085 -1.222 11.752 -340.254
-42.258 17.9 -1.221 11.817 -339.704
-42.335 17.71 -1.22 11.884 -339.159
-42.409 17.517 -1.22 11.951 -338.618
-42.48 17.327 -1.22 12.008 -338.063
-42.545 17.144 -1.22 12.051 -337.488
-42.609 16.958 -1.22 12.094 -336.918
-42.671 16.77 -1.221 12.136 -336.353
-42.731 16.578 -1.222 12.179 -335.795
-42.789 16.384 -1.223 12.222 -335.242
-42.846 16.186 -1.224 12.265 -334.694
-42.902 15.986 -1.226 12.307 -334.151
-42.955 15.783 -1.227 12.35 -333.613
-43.007 15.576 -1.229 12.392 -333.08
-43.058 15.367 -1.231 12.434 -332.553
-43.106 15.155 -1.234 12.476 -332.03
-43.154 14.94 -1.237 12.517 -331.513
-43.199 14.722 -1.24 12.559 -331.001
-43.243 14.501 -1.243 12.6 -330.495
-43.286 14.277 -1.246 12.64 -329.995
-43.327 14.051 -1.25 12.681 -329.501
-43.366 13.822 -1.254 12.721 -329.012
-43.404 13.59 -1.258 12.761 -328.53
-43.44 13.355 -1.262 12.8 -328.053
-43.475 13.118 -1.266 12.839 -327.583
-43.508 12.878 -1.271 12.878 -327.12
-43.54 12.635 -1.276 12.915 -326.66
-43.599 12.145 -1.286 12.986 -325.751
-43.651 11.661 -1.296 13.05 -324.873
-43.696 11.189 -1.306 13.104 -324.029
-43.736 10.711 -1.317 13.155 -323.202
-43.772 10.227 -1.327 13.204 -322.391
-43.803 9.737 -1.338 13.25 -321.595
-43.83 9.241 -1.35 13.294 -320.815
-43.853 8.739 -1.361 13.336 -320.05
-43.872 8.232 -1.373 13.375 -319.299
-43.888 7.718 -1.386 13.411 -318.56
-43.9 7.202 -1.398 13.445 -317.83
-43.909 6.681 -1.411 13.476 -317.114
-43.915 6.158 -1.423 13.505 -316.41
-43.918 5.631 -1.436 13.532 -315.72
-43.919 5.111 -1.448 13.558 -315.059
-43.917 4.595 -1.46 13.582 -314.421
-43.912 4.075 -1.472 13.605 -313.795
-43.906 3.553 -1.484 13.626 -313.179
-43.888 2.499 -1.508 13.662 -311.976
-43.863 1.436 -1.532 13.69 -310.807
-43.833 0.364 -1.555 13.711 -309.673
-43.798 -0.716 -1.578 13.726 -308.573
-43.761 -1.797 -1.6 13.735 -307.513
-43.68 -3.956 -1.642 13.736 -305.505
-43.598 -6.142 -1.681 13.715 -303.614
-43.558 -7.245 -1.699 13.696 -302.712
-43.521 -8.354 -1.716 13.671 -301.839
-43.486 -9.454 -1.732 13.636 -300.979
-43.456 -10.559 -1.746 13.594 -300.145
-43.429 -11.669 -1.758 13.545 -299.338
-43.407 -12.784 -1.769 13.489 -298.557
-43.39 -13.903 -1.778 13.424 -297.801
-43.38 -15.028 -1.786 13.35 -297.07
-43.375 -16.149 -1.791 13.265 -296.339
-43.378 -17.269 -1.794 13.168 -295.615
-43.383 -17.831 -1.795 13.116 -295.263
-43.389 -18.393 -1.795 13.061 -294.916
-43.397 -18.957 -1.795 13.003 -294.574
-43.407 -19.521 -1.793 12.942 -294.239
-43.419 -20.086 -1.792 12.879 -293.909
-43.434 -20.652 -1.789 12.812 -293.585
-43.451 -21.22 -1.786 12.742 -293.269
-43.47 -21.789 -1.783 12.669 -292.961
-43.492 -22.36 -1.778 12.593 -292.661
-43.516 -22.931 -1.773 12.512 -292.363
-43.543 -23.501 -1.768 12.427 -292.064
-43.573 -24.072 -1.761 12.338 -291.771
-43.606 -24.645 -1.754 12.245 -291.486
-43.642 -25.22 -1.745 12.147 -291.207
-43.681 -25.796 -1.736 12.045 -290.936
-43.724 -26.373 -1.726 11.937 -290.671
-43.77 -26.951 -1.715 11.824 -290.406
-43.819 -27.524 -1.703 11.706 -290.116
-43.87 -28.091 -1.689 11.582 -289.801
-43.923 -28.653 -1.675 11.454 -289.457
-44.034 -29.759 -1.644 11.19 -288.676
-44.15 -30.871 -1.611 10.924 -288.025
-44.385 -33.042 -1.542 10.396 -286.402
-44.615 -35.192 -1.476 9.903 -284.599
-44.846 -37.354 -1.411 9.428 -282.815
-45.077 -39.525 -1.343 8.939 -280.84
-45.309 -41.693 -1.271 8.435 -278.585
-45.541 -43.857 -1.196 7.926 -275.943
-45.567 -44.053 -1.195 7.926 -275.943
-45.6 -44.247 -1.193 7.926 -275.943
-45.64 -44.44 -1.19 7.926 -275.943
